  -0.6236235E+00
  -0.5990182E+00
  -0.5744129E+00
  -0.5498076E+00
  -0.5252023E+00
  -0.5005971E+00
  -0.4759918E+00
  -0.4513865E+00
  -0.4267812E+00
  -0.4021759E+00
  -0.3775706E+00
  -0.3529653E+00
  -0.3283601E+00
  -0.3037548E+00
  -0.2791495E+00
  -0.2545442E+00
  -0.2299389E+00
  -0.2053336E+00
  -0.1807284E+00
  -0.1561231E+00
  -0.1315178E+00
  -0.1069125E+00
  -0.8230721E-01
  -0.5770193E-01
  -0.3309665E-01
  -0.8491360E-02
   0.1611392E-01
   0.4071921E-01
   0.6532449E-01
   0.8992978E-01
   0.1145351E+00
   0.1391403E+00
   0.1637456E+00
   0.1883509E+00
   0.2129562E+00
   0.2375615E+00
   0.2621668E+00
   0.2867721E+00
   0.3113773E+00
   0.3359826E+00
   0.3605879E+00
   0.3851932E+00
   0.4097985E+00
   0.4344038E+00
   0.4590091E+00
   0.4836143E+00
   0.5082196E+00
   0.5328249E+00
   0.5574302E+00
   0.5820355E+00
   0.6066408E+00
   0.6312460E+00
   0.6558513E+00
   0.6804566E+00
   0.7050619E+00
   0.7296672E+00
   0.7542725E+00
   0.7788778E+00
   0.8034830E+00
   0.8280883E+00
   0.8526936E+00
   0.8772989E+00
   0.9019042E+00
