  -0.2620423E+00
  -0.2540023E+00
  -0.2459623E+00
  -0.2379223E+00
  -0.2298823E+00
  -0.2218424E+00
  -0.2138024E+00
  -0.2057624E+00
  -0.1977224E+00
  -0.1896824E+00
  -0.1816424E+00
  -0.1736024E+00
  -0.1655624E+00
  -0.1575225E+00
  -0.1494825E+00
  -0.1414425E+00
  -0.1334025E+00
  -0.1253625E+00
  -0.1173225E+00
  -0.1092825E+00
  -0.1012426E+00
  -0.9320257E-01
  -0.8516258E-01
  -0.7712260E-01
  -0.6908261E-01
  -0.6104262E-01
  -0.5300264E-01
  -0.4496265E-01
  -0.3692266E-01
  -0.2888268E-01
  -0.2084269E-01
  -0.1280270E-01
  -0.4762716E-02
   0.3277270E-02
   0.1131726E-01
   0.1935724E-01
   0.2739723E-01
   0.3543722E-01
   0.4347720E-01
   0.5151719E-01
   0.5955718E-01
   0.6759716E-01
   0.7563715E-01
   0.8367714E-01
   0.9171712E-01
   0.9975711E-01
   0.1077971E+00
   0.1158371E+00
   0.1238771E+00
   0.1319171E+00
   0.1399570E+00
   0.1479970E+00
   0.1560370E+00
   0.1640770E+00
   0.1721170E+00
   0.1801570E+00
   0.1881970E+00
   0.1962369E+00
   0.2042769E+00
   0.2123169E+00
   0.2203569E+00
   0.2283969E+00
   0.2364369E+00
   0.2444769E+00
   0.2525169E+00
   0.2605568E+00
   0.2685968E+00
   0.2766368E+00
   0.2846768E+00
   0.2927168E+00
