  -0.2313213E+00
  -0.2225678E+00
  -0.2138143E+00
  -0.2050609E+00
  -0.1963074E+00
  -0.1875540E+00
  -0.1788005E+00
  -0.1700471E+00
  -0.1612936E+00
  -0.1525402E+00
  -0.1437867E+00
  -0.1350333E+00
  -0.1262798E+00
  -0.1175264E+00
  -0.1087729E+00
  -0.1000195E+00
  -0.9126600E-01
  -0.8251255E-01
  -0.7375909E-01
  -0.6500564E-01
  -0.5625219E-01
  -0.4749873E-01
  -0.3874528E-01
  -0.2999183E-01
  -0.2123837E-01
  -0.1248492E-01
  -0.3731467E-02
   0.5021987E-02
   0.1377544E-01
   0.2252889E-01
   0.3128235E-01
   0.4003580E-01
   0.4878925E-01
   0.5754271E-01
   0.6629616E-01
   0.7504961E-01
   0.8380307E-01
   0.9255652E-01
   0.1013100E+00
   0.1100634E+00
   0.1188169E+00
   0.1275703E+00
   0.1363238E+00
   0.1450772E+00
   0.1538307E+00
   0.1625841E+00
   0.1713376E+00
   0.1800911E+00
   0.1888445E+00
   0.1975980E+00
   0.2063514E+00
   0.2151049E+00
   0.2238583E+00
   0.2326118E+00
   0.2413652E+00
   0.2501187E+00
   0.2588721E+00
   0.2676256E+00
   0.2763790E+00
   0.2851325E+00
   0.2938859E+00
   0.3026394E+00
   0.3113929E+00
