  -0.6018016E+00
  -0.5810353E+00
  -0.5602690E+00
  -0.5395026E+00
  -0.5187363E+00
  -0.4979700E+00
  -0.4772037E+00
  -0.4564373E+00
  -0.4356710E+00
  -0.4149047E+00
  -0.3941384E+00
  -0.3733720E+00
  -0.3526057E+00
  -0.3318394E+00
  -0.3110731E+00
  -0.2903067E+00
  -0.2695404E+00
  -0.2487741E+00
  -0.2280077E+00
  -0.2072414E+00
  -0.1864751E+00
  -0.1657088E+00
  -0.1449424E+00
  -0.1241761E+00
  -0.1034098E+00
  -0.8264346E-01
  -0.6187713E-01
  -0.4111080E-01
  -0.2034447E-01
   0.4218522E-03
   0.2118818E-01
   0.4195451E-01
   0.6272083E-01
   0.8348716E-01
   0.1042535E+00
   0.1250198E+00
   0.1457861E+00
   0.1665525E+00
   0.1873188E+00
   0.2080851E+00
   0.2288514E+00
   0.2496178E+00
   0.2703841E+00
   0.2911504E+00
   0.3119168E+00
   0.3326831E+00
   0.3534494E+00
   0.3742157E+00
   0.3949821E+00
   0.4157484E+00
   0.4365147E+00
   0.4572810E+00
   0.4780474E+00
   0.4988137E+00
   0.5195800E+00
   0.5403464E+00
   0.5611127E+00
   0.5818790E+00
   0.6026453E+00
   0.6234117E+00
   0.6441780E+00
   0.6649443E+00
   0.6857106E+00
   0.7064770E+00
   0.7272433E+00
   0.7480096E+00
   0.7687759E+00
   0.7895423E+00
   0.8103086E+00
   0.8310749E+00
